#Wavelength	Counts	
747.84538	0.00000
747.84534	0.00000
747.84536	0.00000
747.84534	0.97087
747.84535	0.00000
747.84529	0.00000
747.84535	0.00000
747.84547	0.00000
747.84559	0.00000
747.84561	0.00000
747.84571	0.00000
747.84570	0.00000
747.84573	0.00000
747.84569	0.00000
747.84573	0.00000
747.84577	0.00000
747.84577	0.00000
747.84582	0.00000
747.84591	0.00000
747.84588	0.00000
747.84598	0.00000
747.84603	0.00000
747.84607	0.00000
747.84612	0.00000
747.84617	0.00000
747.84619	0.00000
747.84625	0.00000
747.84626	0.00000
747.84630	0.00000
747.84633	0.00000
747.84638	0.00000
747.84635	0.00000
747.84639	0.00000
747.84631	0.00000
747.84634	0.00000
747.84636	0.00000
747.84642	0.00000
747.84637	0.00000
747.84642	0.00000
747.84650	0.00000
747.84652	0.00000
747.84656	0.00000
747.84656	0.00000
747.84662	0.00000
747.84665	0.00000
747.84671	0.00000
747.84670	0.00000
747.84671	0.00000
747.84674	0.00000
747.84678	0.00000
747.84679	0.00000
747.84686	0.00000
747.84686	0.00000
747.84680	0.00000
747.84687	0.00000
747.84689	0.00000
747.84688	0.00000
747.84692	0.00000
747.84698	0.00000
747.84698	0.90090
747.84699	0.00000
747.84707	0.00000
747.84707	0.00000
747.84710	0.00000
747.84708	0.00000
747.84710	0.00000
747.84720	0.00000
747.84725	0.00000
747.84729	0.00000
747.84735	0.00000
747.84737	0.00000
747.84732	0.00000
747.84737	0.00000
747.84737	0.00000
747.84738	0.00000
747.84746	0.00000
747.84746	0.00000
747.84744	0.00000
747.84751	0.00000
747.84746	0.00000
747.84748	0.00000
747.84750	0.83333
747.84753	0.00000
747.84765	0.83333
747.84770	0.00000
747.84768	0.00000
747.84773	0.00000
747.84785	0.86207
747.84788	0.00000
747.84802	0.80645
747.84803	0.00000
747.84815	0.00000
747.84821	0.00000
747.84828	0.00000
747.84834	0.00000
747.84841	0.84388
747.84847	0.00000
747.84850	0.00000
747.84862	0.00000
747.84859	0.00000
747.84870	0.00000
747.84872	0.00000
747.84882	0.00000
747.84885	0.00000
747.84886	0.00000
747.84898	0.00000
747.84903	0.00000
747.84905	0.00000
747.84911	0.00000
747.84913	0.00000
747.84919	0.00000
747.84924	0.00000
747.84927	0.00000
747.84929	0.00000
747.84930	0.00000
747.84938	0.00000
747.84936	0.00000
747.84944	0.00000
747.84943	0.00000
747.84953	0.00000
747.84958	0.00000
747.84965	0.00000
747.84971	0.00000
747.84979	0.00000
747.84977	0.00000
747.84983	0.00000
747.84984	0.00000
747.84989	0.00000
747.84993	0.00000
747.84994	0.00000
747.85000	0.00000
747.85002	0.00000
747.85009	0.00000
747.85007	0.00000
747.85011	0.00000
747.85021	0.00000
747.85025	0.00000
747.85033	0.00000
747.85035	0.84034
747.85041	0.00000
747.85043	0.00000
747.85051	0.00000
747.85056	0.00000
747.85069	0.00000
747.85073	0.00000
747.85082	0.00000
747.85090	0.00000
747.85082	0.00000
747.85083	0.81967
747.85083	0.96618
747.85078	0.00000
747.85075	0.00000
747.85074	0.00000
747.85077	0.00000
747.85074	0.00000
747.85073	0.00000
747.85073	0.00000
747.85084	0.00000
747.85094	0.00000
747.85106	0.00000
747.85111	0.00000
747.85119	0.00000
747.85131	0.00000
747.85138	0.00000
747.85141	0.00000
747.85144	0.00000
747.85151	0.00000
747.85154	0.85470
747.85150	0.00000
747.85165	0.00000
747.85167	0.97087
747.85177	0.00000
747.85185	0.00000
747.85189	0.00000
747.85190	0.00000
747.85196	0.00000
747.85210	0.00000
747.85208	0.00000
747.85219	0.00000
747.85218	0.00000
747.85232	0.00000
747.85235	0.00000
747.85248	0.00000
747.85254	0.00000
747.85262	0.84034
747.85265	0.00000
747.85274	0.00000
747.85279	0.00000
747.85289	0.00000
747.85295	0.00000
747.85301	0.00000
747.85301	0.89286
747.85306	0.00000
747.85314	0.83333
747.85317	0.00000
747.85317	0.88496
747.85312	0.00000
747.85325	0.00000
747.85330	0.00000
747.85332	0.81967
747.85342	0.00000
747.85351	0.00000
747.85351	0.00000
747.85354	0.00000
747.85359	0.00000
747.85374	0.00000
747.85378	0.00000
747.85377	0.00000
747.85387	0.00000
747.85392	0.00000
747.85400	0.00000
747.85414	0.00000
747.85417	0.00000
747.85429	0.00000
747.85434	0.00000
747.85448	0.00000
747.85455	0.00000
747.85472	0.00000
747.85477	0.00000
747.85475	0.00000
747.85523	0.00000
747.85563	0.82305
747.85591	0.00000
747.85622	0.00000
747.85649	0.00000
747.85671	0.98039
747.85672	0.83333
747.85684	0.97561
747.85693	0.00000
747.85717	1.67364
747.85740	0.00000
747.85743	0.00000
747.85756	0.00000
747.85779	0.00000
747.85781	0.82305
747.85797	1.67364
747.85797	0.89286
747.83020	0.80972
747.85815	2.46914
747.83025	4.11523
747.85701	1.63265
747.85689	2.56410
747.85683	0.00000
747.85685	0.00000
747.85684	0.00000
747.85684	0.84746
747.85680	0.00000
747.85682	0.00000
747.85683	0.00000
747.85686	0.81967
747.85686	0.00000
747.85685	0.83682
747.85648	0.83333
747.85581	0.00000
747.85525	0.00000
747.85478	0.00000
747.85418	0.00000
747.85368	0.83333
747.85344	0.82988
747.85342	0.84034
747.85362	0.00000
747.85397	0.00000
747.85430	0.00000
747.85448	0.00000
747.85474	0.00000
747.85493	0.00000
747.85489	0.00000
747.85501	0.00000
747.85510	0.00000
747.85531	0.00000
747.85551	0.00000
747.85561	0.00000
747.85588	0.84746
747.85609	0.00000
747.85619	0.00000
747.85625	0.00000
747.85636	0.00000
747.85650	0.00000
747.85665	0.00000
747.85668	0.00000
747.85683	0.00000
747.85699	0.94340
747.85713	0.84034
747.85720	0.81967
747.85739	0.00000
747.85755	0.95694
747.85759	0.82988
747.85771	0.81967
747.85780	0.84034
747.85786	0.82645
747.85798	0.83333
747.85802	0.97087
747.85809	1.67364
747.85821	0.81633
747.85831	0.00000
747.85837	0.83333
747.85841	0.82305
747.85844	0.81633
747.85844	1.78571
747.85849	1.72414
747.85853	1.67364
747.85858	1.68776
747.85863	0.85470
747.85874	1.61290
747.85878	3.23887
747.85887	1.65289
747.85893	0.00000
747.85895	2.48963
747.85901	1.65975
747.85903	2.56410
747.85905	3.36134
747.85911	5.79710
747.85921	0.84388
747.85934	0.80972
747.85941	5.02092
747.85944	0.82988
747.85942	0.82645
747.85953	1.94175
747.85956	3.65297
747.85955	1.68067
747.85970	2.44898
747.85974	4.97925
747.85988	5.83333
747.85987	4.71698
747.85995	5.04202
747.86009	13.11475
747.86015	10.57692
747.86025	8.78049
747.86026	7.44186
747.86044	7.46888
747.86053	14.04959
747.86049	6.61157
747.86054	16.03774
747.86064	11.33603
747.86073	4.87805
747.86072	14.28571
747.86079	15.26104
747.86085	13.27801
747.86094	12.56039
747.86101	15.70248
747.86112	12.55230
747.86117	28.21577
747.86122	23.48178
747.86127	28.45188
747.86139	33.61345
747.86148	21.48760
747.86159	32.23140
747.86160	25.61983
747.86178	16.07143
747.86176	13.16872
747.86178	16.66667
747.86187	16.80672
747.86188	18.56540
747.86189	25.36585
747.86191	10.56911
747.86192	16.37931
747.86186	14.22594
747.86196	10.04184
747.86196	7.59494
747.86206	16.66667
747.86220	3.30579
747.86239	8.69565
747.86254	14.16667
747.86263	7.53138
747.86277	17.47573
747.86287	11.71548
747.86297	17.64706
747.86300	12.62136
747.86298	16.96429
747.86296	11.57025
747.86296	9.56522
747.86301	9.40171
747.86292	6.75105
747.86303	6.58436
747.86303	7.14286
747.86302	9.87654
747.86309	15.26104
747.86316	6.66667
747.86315	16.73640
747.86327	19.16667
747.86330	23.62869
747.86332	15.44715
747.86362	13.38912
747.86364	25.10460
747.86361	31.85841
747.86363	29.04564
747.86363	25.89286
747.86376	56.73077
747.86382	77.91165
747.86378	73.77049
747.86390	62.66094
747.86401	71.14625
747.86401	90.66667
747.86405	90.19608
747.86415	66.94561
747.86417	168.11594
747.86429	116.59919
747.86423	178.04878
747.86426	150.61728
747.86435	92.56198
747.86438	218.56540
747.86441	169.04762
747.86445	181.81818
747.86442	295.77465
747.86453	277.66990
747.86448	179.50820
747.86460	297.56098
747.86462	314.70588
747.86461	300.00000
747.86464	519.32773
747.86467	412.62136
747.86469	294.16667
747.86479	328.87029
747.86489	276.23318
747.86494	441.74757
747.86497	457.28155
747.86501	230.24390
747.86498	457.85124
747.86503	579.50820
747.86509	670.49180
747.86512	473.77049
747.86516	345.60669
747.86522	475.83333
747.86520	635.92233
747.86532	460.36036
747.86532	235.92233
747.86533	459.16667
747.86543	864.03941
747.86541	615.38462
747.86547	902.85714
747.86551	840.47619
747.86552	942.14876
747.86555	1336.66667
747.86557	1380.32787
747.86558	1293.82716
747.86566	2118.44660
747.86575	1500.40486
747.86585	1019.40928
747.86593	2041.84100
747.86599	1828.69198
747.86607	1951.85185
747.86615	1958.99582
747.86620	1768.03279
747.86621	2346.85990
747.86623	2649.27536
747.86623	2430.97345
747.86616	1937.73585
747.86619	2679.16667
747.86622	3124.16667
747.86622	3503.47826
747.86620	3094.90196
747.86622	2873.02905
747.86622	3248.51064
747.86627	4255.60976
747.86639	3006.76329
747.86654	2331.38075
747.86669	3064.28571
747.86667	2150.62762
747.86680	2218.48739
747.86689	1626.66667
747.86695	1760.19417
747.86695	1754.54545
747.86697	1604.14938
747.86701	1391.90283
747.86706	1268.85246
747.86710	1681.41593
747.86723	2037.50000
747.86721	2305.04202
747.86730	1406.63900
747.86734	1918.84058
747.86737	1395.12195
747.86753	2355.55556
747.86755	2548.95397
747.86761	2542.85714
747.86764	2765.10638
747.86772	2242.32365
747.86779	2486.19247
747.86790	1985.06224
747.86795	2063.10680
747.86800	2450.00000
747.86807	2364.60905
747.86818	3639.81481
747.86823	2631.06796
747.86830	2884.75836
747.86839	2675.84098
747.86859	4368.54839
747.86863	4916.90821
747.86873	4588.23529
747.86877	5283.90244
747.86881	6160.19417
747.86893	5740.00000
747.86897	6115.00000
747.86899	6136.88525
747.86911	3880.65844
747.86916	6213.76518
747.86931	6142.62948
747.86939	4602.89855
747.86950	6141.46341
747.86959	5440.19139
747.86973	4974.16667
747.86987	5221.66667
747.86986	3364.16667
747.86995	2807.82609
747.87006	3973.27935
747.87016	4884.08163
747.87022	3318.44660
747.87027	2754.43038
747.87040	4345.63107
747.87040	3085.33333
747.87042	3258.53659
747.87039	4827.46781
747.87034	4664.70588
747.87031	3832.92181
747.87030	4993.36100
747.87030	6091.96429
747.87036	6490.73171
747.87028	4535.31915
747.87033	4215.76763
747.87038	2619.32773
747.87048	3532.38095
747.87062	3079.66805
747.87074	2307.04225
747.87084	2403.26531
747.87097	1745.00000
747.87106	2131.42857
747.87112	1577.40586
747.87124	1437.66816
747.87134	1528.03347
747.87139	1519.23077
747.87140	1063.11475
747.87152	1204.16667
747.87151	1355.12195
747.87164	990.29126
747.87172	772.15190
747.87185	841.49378
747.87196	740.98361
747.87205	579.42387
747.87215	590.94650
747.87225	771.54812
747.87228	708.71369
747.87241	678.33333
747.87251	712.10762
747.87257	566.94215
747.87273	802.51046
747.87289	671.15385
747.87291	818.25726
747.87297	913.00813
747.87305	999.19028
747.87296	1606.80851
747.87293	1642.51208
747.87286	1246.66667
747.87279	1738.59649
747.87282	1184.86056
747.87275	1854.12844
747.87274	2287.60331
747.87271	2180.75314
747.87271	2583.73206
747.87278	2522.17573
747.87298	2994.95798
747.87322	3752.19512
747.87339	2625.10460
747.87353	3534.90566
747.87362	2800.83682
747.87373	4306.86275
747.87386	2403.34728
747.87395	2386.61088
747.87405	3305.30973
747.87414	2048.78049
747.87424	3178.74396
747.87441	1945.61404
747.87450	1692.11618
747.87458	2600.80972
747.87461	2102.09205
747.87466	2614.63415
747.87474	1641.17647
747.87488	2050.20576
747.87500	1871.42857
747.87509	1805.02092
747.87512	1265.15152
747.87518	1326.76056
747.87517	1091.21339
747.87511	1337.75934
747.87508	2023.18841
747.87509	1700.00000
747.87508	1046.21514
747.87511	1729.18660
747.87506	1539.09465
747.87510	1376.58537
747.87508	1363.10680
747.87509	1613.52657
747.87510	1505.83333
747.87516	1752.65700
747.87513	1794.20290
747.87516	1219.08397
747.87537	1189.25620
747.87547	1166.52720
747.87562	1326.35983
747.87566	1099.58506
747.87575	1460.48780
747.87587	968.85246
747.87601	1306.22010
747.87622	1115.35270
747.87635	1559.22330
747.87650	1343.45992
747.87658	1586.66667
747.87673	1328.97959
747.87675	965.97510
747.87688	1640.57971
747.87698	922.82158
747.87710	1625.10460
747.87712	1526.01626
747.87725	918.54839
747.87738	1269.52790
747.87745	1198.33333
747.87756	1204.93827
747.87761	497.16312
747.87762	488.70293
747.87761	817.79661
747.87763	787.55187
747.87761	869.45607
747.87762	490.61224
747.87777	394.14634
747.87793	541.52542
747.87806	725.92593
747.87808	706.50407
747.87813	402.50000
747.87818	798.34711
747.87827	546.44351
747.87841	356.60377
747.87851	672.42798
747.87855	696.91630
747.87865	613.95349
747.87874	511.93416
747.87876	541.74757
747.87884	439.18367
747.87891	511.83673
747.87900	398.36066
747.87913	291.73554
747.87918	340.08439
747.87940	270.53942
747.87953	247.80488
747.87967	300.00000
747.87977	210.08403
747.87987	141.32231
747.88007	245.49020
747.88018	218.33333
747.88027	115.44715
747.88047	205.88235
747.88061	251.23967
747.88070	117.29958
747.88078	106.72269
747.88079	91.42857
747.88081	123.33333
747.88106	288.70968
747.88139	427.86885
747.88178	378.60082
747.88200	265.83333
747.88204	132.23140
747.88206	103.41463
747.88209	179.74684
747.88231	114.28571
747.88261	128.87029
747.88315	86.30705
747.88342	85.59671
747.88364	117.64706
747.88372	133.05785
747.88381	155.27426
747.88379	108.29268
747.88378	117.99163
747.88381	116.87243
747.88398	145.60669
747.88409	157.84314
747.88423	174.24893
747.88444	173.66255
747.88466	224.16667
747.88473	239.83740
747.88490	344.07583
747.88498	187.60331
747.88506	204.85830
747.88514	292.36948
747.88526	394.87179
747.88529	287.70492
747.88538	156.14035
747.88539	95.11111
747.88536	32.63598
747.88538	21.13821
747.88537	22.22222
747.88544	28.69565
747.88570	27.53036
747.88592	25.94142
747.88602	41.02564
747.88615	27.38589
747.88618	31.79916
747.88622	33.47280
747.88635	34.81781
747.88641	27.73109
747.88658	26.66667
747.88665	26.72065
747.88677	5.73770
747.88687	4.16667
747.88693	0.68729
747.88693	0.88106
747.88697	0.00000
747.88700	0.94787
747.88706	0.00000
747.88721	0.83333
747.88742	0.00000
747.88760	1.69492
747.88775	2.47934
747.88784	0.00000
747.88804	0.00000
747.88822	0.83333
747.88835	0.00000
747.88841	0.00000
747.88846	0.83333
747.88850	0.00000
747.88853	2.52101
747.88853	0.82988
747.88857	0.00000
747.88860	0.00000
747.88862	0.82988
